4
0
2
1
4
0
1
4
1
1
4
2
1
4
30
0
1
9
fibo__214
1
0
1
41
22
0
0
0
5
15
3
0
4
19
1
0
5
17
19
0
4
13
0
7
13
14
18
0
5
5
7
0
17
9
5
0
16
15
0
0
5
17
3
0
4
21
1
1
5
19
21
0
4
15
0
7
13
16
20
0
5
5
9
0
17
19
5
0
5
-7
3
0
14
0
0
0
0
0
0
0
5
43
3
0
4
47
1
2
5
45
47
0
4
41
0
3
13
42
46
0
5
33
35
0
4
29
2
0
13
30
34
0
5
19
23
0
5
45
3
0
4
49
1
1
5
47
49
0
4
43
0
3
13
44
48
0
5
35
37
0
4
31
2
0
13
32
36
0
5
21
25
0
4
17
0
2
13
18
22
0
5
-7
11
0
14
0
0
0
0
1
4
main
0
7
22
0
0
0
4
15
1
3
5
13
15
0
4
9
2
0
13
10
14
0
5
-7
3
0
14
0
0
0
1

