3
0
2
1
4
0
1
4
1
1
4
30000
0
1
10
func1__214
1
0
1
34
22
0
0
0
4
7
1
0
5
5
7
0
4
11
1
0
5
9
11
0
5
21
9
0
5
23
3
0
4
19
0
10
13
20
24
0
17
32
13
0
4
15
1
0
5
5
15
0
4
17
1
0
5
5
17
0
4
19
1
0
5
5
19
0
4
21
1
0
5
5
21
0
4
23
1
0
5
5
23
0
4
25
1
0
5
5
25
0
4
27
1
0
5
5
27
0
5
5
9
0
5
37
9
0
4
41
1
1
5
39
41
0
4
35
0
2
13
36
40
0
5
9
29
0
16
5
0
0
5
-7
9
0
14
0
0
0
0
0
4
main
0
15
22
0
0
0
4
5
1
0
5
3
5
0
5
15
3
0
4
19
1
2
5
17
19
0
4
13
0
8
13
14
18
0
17
14
7
0
5
19
3
0
4
15
2
0
13
16
20
0
5
3
9
0
16
3
0
0
14
0
0
0
1

