4
0
2
1
4
1
1
4
12
1
4
11
1
4
10
0
1
10
tarai__214
3
0
1
0
1
0
1
46
22
0
0
0
5
17
3
0
5
19
5
0
4
15
0
10
13
16
20
0
17
9
9
0
5
-7
5
0
14
0
0
0
0
0
0
0
5
51
3
0
4
55
1
0
5
53
55
0
4
49
0
3
13
50
54
0
5
37
43
0
5
39
5
0
5
41
7
0
4
33
2
0
13
34
42
0
5
21
27
0
5
53
5
0
4
57
1
0
5
55
57
0
4
51
0
3
13
52
56
0
5
39
45
0
5
41
7
0
5
43
3
0
4
35
2
0
13
36
44
0
5
23
29
0
5
55
7
0
4
59
1
0
5
57
59
0
4
53
0
3
13
54
58
0
5
41
47
0
5
43
3
0
5
45
5
0
4
37
2
0
13
38
46
0
5
25
31
0
4
17
2
0
13
18
26
0
5
-7
11
0
14
0
0
0
0
1
4
main
0
11
22
0
0
0
4
19
1
1
5
13
19
0
4
21
1
2
5
15
21
0
4
23
1
3
5
17
23
0
4
9
2
0
13
10
18
0
5
-7
3
0
14
0
0
0
1

